1000
361
272
283
623
340
417
408
256
375
174
271
33
963
879
480
563
726
11
658
38
710
823
268
192
648
52
566
537
370
20
501
736
849
824
666
220
354
304
427
206
634
949
231
913
869
84
994
380
312
273
894
850
218
381
499
881
887
227
747
873
463
159
136
7
944
519
53
690
301
19
57
81
620
461
287
934
41
911
320
153
385
783
230
344
779
108
867
825
76
520
129
701
412
957
541
669
398
801
568
630
955
175
548
47
958
156
66
767
451
2
399
110
700
164
315
739
875
649
924
540
210
138
221
126
757
890
279
404
687
388
593
907
152
527
576
704
822
430
865
954
960
48
971
888
120
163
513
444
183
632
588
1
261
640
787
672
665
70
21
691
42
360
75
586
522
679
303
940
382
859
239
396
208
769
653
347
826
872
763
492
453
806
43
323
915
829
558
696
719
659
921
529
255
577
369
460
572
618
353
878
836
280
947
893
371
204
983
695
72
671
148
697
308
999
438
188
733
278
9
414
629
1000
988
343
14
635
928
314
526
984
883
162
502
782
602
281
269
45
982
614
583
938
317
573
92
73
154
812
345
476
258
409
95
213
298
169
817
857
161
590
158
199
619
139
518
564
993
891
843
680
802
30
432
327
190
720
88
176
931
145
123
637
580
222
4
559
929
125
641
571
184
119
216
391
366
972
243
390
791
639
322
182
970
405
655
512
950
24
854
413
203
732
698
485
773
479
905
219
657
368
989
677
977
394
407
471
642
387
445
864
626
816
625
851
754
16
721
215
645
521
29
468
985
96
766
528
348
276
923
706
542
987
147
363
788
18
17
177
179
508
469
305
133
355
752
143
166
473
464
337
79
599
144
776
160
683
237
678
962
808
209
392
194
290
441
778
105
242
217
609
493
746
663
832
297
535
424
786
652
496
973
207
643
238
906
585
627
302
936
155
59
506
135
919
644
71
509
951
992
996
847
431
102
448
794
40
840
793
465
421
676
968
798
554
570
140
187
22
978
245
703
597
803
981
49
538
927
275
171
226
62
67
749
455
8
122
866
134
389
995
743
449
437
650
912
594
661
249
260
416
592
896
514
660
753
376
662
727
765
734
871
195
359
613
751
756
117
532
716
241
225
596
831
474
685
15
833
877
263
775
761
299
336
555
771
552
511
289
383
603
693
870
692
694
966
628
674
61
902
165
844
675
116
530
515
149
386
294
737
481
306
78
292
561
39
82
181
26
229
839
264
419
862
729
250
952
202
351
285
54
925
291
356
828
531
686
845
744
611
900
384
46
265
282
457
324
656
758
507
780
113
80
681
248
539
379
735
799
411
198
777
436
868
616
853
397
553
621
433
781
309
333
296
288
494
876
784
533
738
246
820
462
332
452
932
137
422
770
200
173
722
247
524
624
547
456
313
714
60
228
107
467
821
329
908
365
259
567
251
935
575
142
858
196
372
785
730
917
442
903
27
899
300
86
598
495
668
454
318
235
688
646
35
90
578
673
543
87
841
418
664
358
790
633
651
10
707
961
595
939
201
750
420
197
654
335
13
953
185
349
510
545
725
415
910
582
395
818
837
262
400
608
487
224
406
861
128
172
286
807
109
991
728
745
755
810
715
277
103
838
852
895
830
447
713
892
918
557
157
516
689
581
115
339
797
682
180
429
23
904
959
401
325
886
789
488
352
684
933
986
346
856
705
44
490
795
565
146
106
748
104
151
631
974
328
525
546
440
667
97
943
517
233
998
127
827
497
64
378
483
498
240
266
377
711
94
121
270
941
813
307
717
446
373
860
89
99
168
257
610
606
402
874
50
334
965
124
443
762
990
615
523
562
482
792
132
58
560
605
5
31
544
93
500
636
211
83
130
589
916
56
774
214
712
503
505
796
551
439
937
579
393
922
819
426
491
607
889
772
804
131
65
914
702
77
232
350
760
150
274
584
6
425
909
486
768
293
997
550
114
504
141
800
178
600
434
32
458
536
901
85
189
234
186
223
622
450
842
74
34
723
764
341
470
882
920
295
459
897
112
863
12
191
330
212
311
51
69
98
945
811
855
930
898
36
731
647
118
699
68
472
980
25
708
967
477
63
601
846
809
326
28
55
321
612
3
254
805
569
964
316
759
403
342
428
556
976
319
244
926
574
942
362
484
410
587
284
834
969
478
91
374
835
670
814
364
167
885
267
253
100
101
709
466
948
435
534
205
617
884
975
724
591
718
252
880
979
423
357
604
638
740
956
37
489
310
111
236
170
848
367
946
338
193
742
815
549
475
741
331